100 100
1 0 1 0 0 1 1 0 1 1 1 1 0 1 1 0 1 0 1 1 0 1 0 1 0 0 1 0 1 0 0 1 1 0 1 1 1 0 1 0 0 0 0 0 1 0 1 1 1 1 0 1 1 0 1 1 0 1 0 1 0 1 1 0 0 0 0 0 0 1 1 1 1 0 0 0 0 0 1 0 1 1 0 0 1 0 1 1 1 1 1 1 1 0 0 0 0 0 0 0
0 1 0 0 0 0 0 0 0 1 0 1 1 0 0 1 0 1 1 1 0 0 1 1 1 1 0 1 1 0 1 1 0 0 1 1 1 1 1 1 1 1 0 1 0 0 0 1 0 0 1 0 0 0 1 1 1 1 0 1 0 0 0 0 0 0 0 0 0 0 0 1 1 1 1 1 0 1 1 1 1 1 0 0 1 0 1 0 0 1 1 1 0 0 1 1 1 1 1 1
1 0 1 0 1 0 0 1 1 1 1 0 0 0 0 0 1 1 0 0 0 0 0 0 0 0 1 1 0 0 0 1 0 0 1 1 1 0 0 0 0 1 0 0 0 1 0 0 1 1 0 1 1 1 1 1 0 1 1 0 0 1 1 0 0 1 1 1 1 0 1 1 1 1 0 1 1 0 1 0 1 1 1 1 0 1 0 0 1 0 0 0 0 0 0 1 0 0 0 1
1 0 1 0 1 0 0 0 0 1 0 0 1 1 1 1 0 1 1 0 1 0 0 1 0 1 0 0 1 1 0 0 1 1 0 1 1 1 0 0 0 1 1 0 1 1 0 1 0 0 0 0 0 0 0 1 0 0 1 0 1 1 1 0 0 1 0 1 1 1 0 0 0 1 1 0 0 0 1 0 0 1 1 1 0 0 1 1 0 0 1 1 1 1 0 0 1 0 0 1
0 1 0 0 0 1 1 0 1 0 0 1 0 1 1 1 1 0 1 0 0 1 0 0 0 0 0 0 1 1 0 1 1 0 0 1 0 0 1 0 1 0 1 0 0 1 1 0 1 1 0 0 0 1 1 1 0 0 1 0 0 0 1 0 1 0 1 0 0 0 1 0 1 1 0 0 0 0 0 1 1 1 0 1 1 0 1 1 0 1 1 1 1 1 0 1 1 0 1 0
1 1 0 0 1 0 0 1 0 1 0 0 1 0 1 1 0 0 0 1 0 1 0 1 0 0 1 1 1 0 1 0 0 0 1 0 1 0 1 1 0 0 1 0 1 0 0 0 0 1 1 1 0 1 0 1 1 0 0 1 0 1 1 0 0 0 1 0 1 1 1 1 1 1 1 1 0 1 0 1 0 0 1 1 0 0 0 1 1 0 0 0 0 0 1 1 0 1 0 1
0 0 0 0 1 1 0 0 0 1 0 0 1 0 0 0 0 1 0 0 1 1 0 0 1 1 1 1 0 1 1 0 1 0 0 0 0 1 0 1 1 0 1 0 0 0 1 0 1 1 1 1 1 0 0 1 1 1 1 0 1 1 1 1 1 0 1 1 1 0 1 0 0 1 1 0 1 0 0 1 0 0 0 0 0 0 0 1 1 1 1 0 0 1 1 0 0 1 0 1
1 1 0 0 0 0 0 0 1 1 0 1 1 0 0 1 1 1 0 1 0 1 1 1 1 1 1 0 0 1 1 0 0 0 1 1 1 0 1 0 0 0 1 0 1 1 0 1 1 0 0 0 1 1 1 1 1 1 1 1 0 0 1 0 0 1 0 1 0 0 1 0 1 0 0 0 1 1 1 0 0 1 0 1 0 1 0 1 1 0 1 1 0 0 0 1 1 0 1 1
0 0 0 0 1 1 1 0 0 0 0 1 0 1 1 0 0 1 1 0 1 0 0 1 1 1 0 0 0 1 0 1 1 1 0 0 0 1 1 1 1 0 0 0 0 0 1 0 1 0 1 0 1 0 0 1 0 1 0 0 0 1 1 1 1 1 0 1 1 0 0 0 0 0 0 0 1 1 0 0 1 0 1 0 1 0 1 1 0 0 1 0 0 0 0 0 0 1 1 0
1 1 1 0 0 0 0 1 0 0 0 0 1 1 0 0 1 0 1 1 1 1 1 1 1 0 1 0 0 0 0 0 1 0 1 0 0 0 0 0 1 1 0 0 0 1 0 1 1 0 1 1 1 1 1 0 1 1 1 0 0 0 0 0 0 0 1 1 0 0 0 0 1 1 1 1 0 0 0 0 0 1 0 0 1 1 1 0 0 0 1 0 0 0 0 0 1 1 0 0
1 1 1 1 1 0 0 0 0 0 0 1 0 1 1 0 1 1 1 0 0 0 1 1 1 0 1 0 0 1 1 0 1 0 0 0 1 0 0 0 1 0 1 1 1 0 1 1 1 0 0 0 0 1 0 1 1 0 1 0 0 1 0 0 0 0 1 1 0 1 1 1 1 0 1 1 0 0 1 0 0 0 1 0 1 1 1 0 0 1 1 0 1 1 0 1 0 0 0 1
1 1 1 0 0 0 0 1 1 0 1 0 1 0 1 1 1 1 1 1 1 1 1 1 1 0 0 0 0 0 1 1 0 0 0 1 0 0 1 0 0 1 1 1 0 1 0 0 1 1 1 0 0 0 0 0 1 0 0 1 1 1 1 1 0 1 0 1 1 0 1 0 0 0 0 0 0 1 1 1 0 0 1 1 1 0 1 1 0 0 1 1 1 0 1 1 1 0 1 0
0 0 1 1 1 0 0 0 1 1 1 0 0 1 1 0 1 0 0 1 0 0 0 0 1 1 1 1 0 0 1 1 1 1 1 0 1 0 1 1 0 1 0 0 0 0 0 1 1 1 1 0 1 1 1 0 1 0 1 0 0 1 0 1 0 0 1 1 0 1 1 0 1 1 0 0 1 1 0 1 0 0 1 1 0 1 1 1 0 0 1 1 0 0 0 1 1 1 0 0
0 1 0 0 1 1 1 1 1 0 1 1 0 1 0 0 1 0 1 1 0 1 0 0 1 1 1 1 1 1 1 1 0 0 1 0 1 0 0 0 0 0 1 1 1 0 0 0 0 1 1 1 0 1 1 1 0 0 1 0 1 0 0 0 0 0 1 0 1 0 0 1 0 1 0 1 0 0 1 1 1 1 0 1 1 0 0 0 1 1 1 1 0 0 1 0 1 1 0 0
1 0 0 1 1 0 1 1 1 1 0 1 0 1 1 1 0 0 1 1 1 1 0 1 0 0 1 1 0 0 0 1 1 0 1 1 0 0 1 0 1 1 1 0 1 1 0 1 0 0 1 0 0 1 0 1 1 0 1 1 0 1 1 0 1 0 0 1 1 0 0 1 0 1 0 0 1 1 1 0 0 0 0 1 1 1 1 1 1 0 1 0 1 1 1 1 0 1 1 0
0 1 1 0 0 0 1 0 1 0 0 0 0 0 1 1 0 1 0 0 1 1 1 0 0 1 0 1 0 0 1 0 0 1 1 0 0 1 1 1 1 1 1 0 1 0 0 0 1 0 1 0 1 0 0 1 1 1 1 0 0 1 1 1 0 0 0 1 1 0 0 0 0 0 0 1 0 1 0 1 1 0 0 1 0 0 0 0 0 0 0 0 1 1 1 1 1 0 1 0
0 0 0 1 0 1 0 1 1 1 0 0 1 1 1 1 1 0 0 0 0 1 1 0 1 0 0 0 0 0 1 1 1 0 1 1 0 1 0 1 0 1 1 0 1 1 0 0 0 1 0 1 1 1 1 0 0 1 0 1 0 1 0 0 1 0 0 1 1 1 0 0 0 1 1 1 1 1 0 0 0 1 0 1 0 1 0 0 1 0 1 0 1 0 1 1 1 1 0 0
0 1 0 0 1 0 1 1 1 1 0 0 1 0 1 1 0 1 0 0 0 0 0 0 1 0 1 0 0 0 1 1 1 0 1 0 0 0 0 1 1 1 0 1 1 0 0 0 1 1 1 0 0 0 1 1 0 0 0 1 0 1 0 1 0 0 0 0 0 0 0 0 0 1 0 0 1 1 1 0 0 1 0 1 0 1 0 0 1 1 0 1 1 1 1 0 1 0 1 0
1 0 1 0 1 1 1 0 1 0 0 0 0 1 0 0 0 1 0 0 0 1 0 1 0 1 1 1 1 1 0 1 0 1 1 1 1 0 1 0 1 0 0 1 1 1 0 1 0 1 1 0 0 1 0 1 1 0 1 1 0 1 1 0 1 0 0 0 0 1 0 1 1 0 0 0 1 1 0 1 1 1 1 1 0 0 0 1 0 1 0 0 0 1 0 1 0 0 0 1
0 1 0 1 1 1 0 1 1 0 1 0 1 0 1 0 1 1 1 1 0 0 1 1 0 0 1 1 1 1 0 0 0 0 0 1 0 0 1 1 0 1 1 0 0 0 1 1 0 1 1 1 0 0 1 0 1 0 1 1 0 1 1 1 0 1 1 1 1 1 0 0 1 0 0 1 0 0 1 0 0 1 1 1 1 0 0 1 1 1 1 1 1 1 1 1 1 0 0 1
1 0 0 1 1 0 1 1 0 0 0 0 0 1 1 1 0 0 1 0 1 1 1 0 1 1 0 0 1 0 1 0 1 0 0 0 0 1 0 1 1 1 0 1 0 1 1 1 0 1 1 1 1 0 0 1 0 0 1 1 1 1 1 0 0 1 1 0 0 0 1 0 0 1 0 1 0 0 0 1 0 0 0 0 1 1 1 1 1 0 0 0 0 0 0 1 0 1 1 0
1 0 1 1 1 0 1 0 1 1 1 1 0 1 1 0 0 1 0 1 0 0 0 1 0 1 0 1 1 1 1 0 1 0 0 0 1 1 1 1 1 0 0 0 0 0 0 1 1 0 1 0 0 1 1 0 0 0 1 0 0 1 1 1 1 1 1 1 1 1 0 0 0 1 1 0 0 0 0 0 0 0 0 1 1 1 1 1 1 0 1 1 0 0 0 1 1 0 0 1
1 1 1 1 1 1 1 0 0 0 0 0 0 0 0 0 1 0 1 0 0 0 1 1 0 0 1 0 1 1 1 1 1 1 0 1 1 1 1 1 0 0 1 1 1 0 1 0 0 0 0 1 1 0 0 1 1 0 1 0 1 0 1 0 0 1 0 1 0 0 0 1 1 0 1 1 1 0 0 1 1 1 1 1 0 0 1 0 1 1 0 1 0 1 0 0 0 1 0 0
1 0 0 1 0 1 1 0 0 0 0 1 1 0 1 1 1 0 1 0 1 0 1 1 1 0 0 1 1 1 0 1 1 1 0 1 1 1 0 0 1 0 1 0 0 1 1 0 1 1 0 1 1 1 0 0 0 1 0 1 0 1 0 1 1 0 0 0 0 0 1 0 0 0 0 0 1 0 0 1 1 1 1 0 1 0 0 0 0 1 0 0 1 0 1 1 1 0 1 1
0 0 1 0 1 1 0 0 0 0 1 1 0 0 0 1 0 1 1 0 0 0 1 0 0 1 0 1 0 0 0 0 0 1 1 1 1 1 1 1 1 1 0 1 0 1 1 0 0 0 1 0 1 1 1 1 1 1 1 0 1 1 1 0 1 1 1 1 0 0 0 1 0 1 1 0 0 0 1 1 0 0 0 0 0 0 1 1 1 1 1 1 1 0 1 0 1 0 1 0
0 1 1 1 1 0 0 1 0 1 1 0 0 1 1 1 1 1 0 0 1 0 1 1 1 0 0 1 1 0 1 0 1 0 0 1 1 1 0 0 0 1 0 1 1 0 1 1 0 1 1 1 1 0 0 1 1 1 1 0 1 0 0 0 0 0 1 0 0 1 1 0 1 0 1 1 0 0 0 1 1 1 0 0 0 1 1 0 0 1 0 1 0 0 0 1 0 1 0 1
0 1 1 0 1 0 0 1 1 0 0 1 0 1 0 1 0 1 1 0 1 1 0 0 0 0 1 0 0 1 1 0 1 0 0 0 1 1 0 1 0 0 0 1 1 0 1 1 0 0 1 0 0 0 0 0 0 0 1 0 1 1 1 1 0 0 0 1 0 0 0 1 1 1 0 1 0 0 1 1 0 0 1 1 0 1 1 1 0 1 0 0 0 0 1 1 1 1 0 1
0 1 1 1 0 1 1 1 0 1 0 0 0 0 1 0 1 0 1 0 1 0 1 1 1 1 0 0 1 0 1 1 1 0 1 0 1 1 0 0 0 1 1 0 1 0 1 1 1 0 1 0 1 0 1 1 1 0 0 1 1 1 0 1 1 1 0 0 0 0 1 0 1 0 0 0 0 1 1 0 1 1 0 1 1 0 1 0 1 1 0 1 0 0 1 1 0 1 1 1
1 1 1 1 1 0 0 1 0 1 1 1 1 0 1 1 0 0 1 0 1 0 1 0 0 0 1 1 1 0 1 0 1 1 0 1 0 1 1 1 0 0 1 0 0 0 0 1 1 0 0 0 0 1 1 0 1 0 1 0 1 0 0 0 1 1 0 1 1 1 1 0 0 1 1 0 0 1 1 1 0 0 1 1 1 1 0 0 1 1 1 1 1 0 0 1 0 0 0 1
1 0 0 1 1 1 1 1 1 1 1 1 0 1 1 1 0 1 1 0 0 1 0 1 0 1 1 1 1 1 1 1 1 1 0 1 1 1 1 1 0 1 1 1 0 0 1 0 0 1 1 1 0 0 1 1 0 0 0 1 1 1 0 1 1 1 0 1 1 0 0 0 1 0 1 0 1 1 1 1 0 0 0 1 0 1 0 1 1 0 1 0 1 1 1 0 1 0 0 1
0 1 1 1 1 0 1 0 1 1 1 1 1 0 0 0 1 1 1 1 1 0 0 1 1 0 0 0 1 1 1 1 0 1 0 0 1 0 1 1 1 0 0 1 1 1 1 1 1 0 0 1 1 1 0 0 1 0 0 1 0 1 0 1 0 0 1 0 1 0 1 0 1 0 0 1 1 0 1 0 0 0 1 1 0 1 1 0 0 0 1 0 1 1 0 0 0 1 1 0
0 1 1 1 1 1 0 1 0 0 0 0 0 1 0 1 0 1 1 1 0 0 0 1 0 1 0 0 1 1 1 0 0 0 0 1 1 0 0 1 0 0 1 1 0 1 0 0 0 0 1 0 0 0 0 0 1 0 0 0 0 1 0 1 0 1 1 0 0 1 1 0 1 0 1 0 0 1 1 1 1 1 1 1 1 0 0 1 1 0 0 0 0 0 0 1 0 0 1 1
0 1 1 0 0 0 1 0 1 0 1 0 0 0 0 0 0 1 0 0 1 1 1 0 1 1 0 0 0 0 1 0 0 1 0 1 1 0 1 1 1 1 0 1 0 0 1 0 1 1 0 1 0 0 0 0 1 1 1 1 0 1 1 0 0 0 1 0 1 0 1 1 1 0 0 0 0 0 1 1 0 1 0 1 1 1 1 0 1 1 1 0 1 1 0 0 1 1 1 0
1 1 0 0 1 1 1 0 1 0 0 0 1 1 0 0 1 1 1 0 1 1 1 1 0 1 1 0 1 1 0 1 0 0 1 1 0 0 1 1 0 1 1 1 1 1 1 0 1 0 1 1 0 1 0 1 1 1 0 1 1 0 1 1 0 1 1 0 0 0 1 1 0 1 0 1 0 0 0 1 1 0 0 1 0 1 0 0 0 1 1 1 1 1 1 0 1 1 1 1
0 1 1 1 1 0 1 1 1 1 0 0 1 1 0 1 0 0 0 0 1 1 1 1 1 1 1 0 0 0 1 0 0 0 0 1 0 1 0 1 1 1 1 0 1 0 1 0 0 1 0 1 1 1 0 0 1 0 0 1 0 1 0 0 1 0 0 1 1 0 1 1 1 1 0 1 1 0 1 0 0 1 0 1 1 0 0 1 0 0 0 0 0 1 0 1 0 1 0 1
1 0 0 0 1 0 1 0 1 0 0 0 1 1 0 0 1 1 0 1 1 1 1 0 1 1 0 0 0 1 1 1 0 1 1 0 1 1 0 1 0 1 0 1 1 0 1 1 1 0 1 1 1 0 0 1 1 1 0 0 0 0 0 0 0 1 0 1 1 0 0 0 1 0 0 1 0 0 0 1 0 0 1 1 0 0 0 0 1 1 0 0 0 0 0 1 0 0 1 0
1 0 0 0 0 0 0 0 1 1 1 1 0 0 0 1 0 0 1 1 0 0 1 1 1 0 0 0 0 1 0 1 1 0 1 1 1 1 0 0 1 0 1 0 1 0 0 0 0 1 1 1 1 1 0 1 1 0 1 1 1 1 0 0 0 1 1 0 0 0 1 1 0 1 0 0 0 1 0 1 1 0 0 0 1 0 1 0 1 0 0 0 0 0 0 1 1 0 1 1
1 1 0 0 0 0 1 0 1 0 0 1 0 0 0 1 1 1 1 0 1 1 0 1 1 0 0 1 1 0 1 0 1 0 0 1 1 1 0 0 0 0 1 1 0 0 0 1 0 0 1 0 1 0 0 1 1 1 0 1 0 0 0 1 0 1 0 1 0 1 0 0 0 1 1 0 0 1 1 0 1 0 0 1 0 1 0 0 0 1 1 1 1 1 1 1 0 0 0 1
1 1 1 0 1 1 1 0 1 1 0 1 0 1 0 0 1 1 0 1 1 0 1 0 0 0 1 0 1 1 1 1 0 1 1 0 1 1 1 1 0 0 1 0 1 0 1 0 1 1 1 0 1 1 1 1 1 1 0 1 1 0 1 1 0 1 1 1 0 1 0 1 0 1 0 0 0 0 1 1 1 1 0 1 0 1 0 0 1 0 1 1 1 0 1 1 1 1 0 0
1 0 0 0 0 0 0 0 0 0 0 0 1 1 0 1 0 0 1 0 0 0 0 1 0 0 1 1 0 1 0 1 1 0 1 0 0 1 0 1 0 1 0 1 1 1 1 0 1 1 1 0 1 1 1 0 0 1 1 0 1 1 0 1 1 0 0 1 0 0 1 1 1 1 1 1 1 0 0 1 1 1 0 0 0 0 0 1 0 1 1 0 0 0 0 1 1 0 0 1
1 0 1 1 0 0 1 0 0 1 1 0 1 1 0 0 1 1 1 0 1 0 1 1 1 0 0 0 1 0 0 0 1 0 1 0 0 0 0 0 1 0 0 0 1 1 0 0 0 1 0 0 1 1 0 0 0 0 0 0 0 0 0 0 0 0 1 0 0 0 1 0 1 0 0 0 0 1 0 1 1 1 1 0 1 0 0 1 1 1 1 1 0 0 0 1 0 1 0 0
0 1 0 0 1 1 1 0 0 0 1 0 1 0 1 1 1 0 1 1 1 0 0 0 0 1 0 1 1 1 0 1 0 0 0 0 1 0 0 0 1 1 0 0 0 0 0 0 1 0 0 1 0 0 0 1 1 0 0 1 0 0 1 0 0 1 0 1 0 0 1 0 0 1 0 0 0 1 1 0 0 0 0 0 1 1 1 1 1 0 1 1 0 0 0 1 0 0 0 1
1 0 0 0 0 1 1 0 0 1 1 1 0 1 1 1 1 0 1 0 1 1 1 0 1 1 0 0 1 0 1 0 1 1 1 0 0 1 0 0 0 0 1 1 0 0 0 0 1 0 0 1 1 1 0 1 0 1 0 0 1 0 1 0 0 1 1 1 0 1 0 0 1 0 1 1 1 0 0 1 0 0 1 1 0 1 1 1 0 0 1 1 1 0 1 1 0 0 0 0
1 0 0 1 0 1 0 0 0 0 0 0 0 0 1 0 0 1 0 1 1 1 0 0 1 0 1 0 0 0 0 0 0 1 1 0 0 1 1 0 0 0 0 1 0 0 1 1 1 1 1 1 0 0 0 0 1 1 0 1 0 0 0 0 0 1 0 0 0 0 1 1 0 1 0 0 0 1 1 0 1 0 1 1 1 1 0 0 0 0 0 1 1 0 1 1 1 1 1 1
0 1 0 1 0 1 0 1 1 1 1 0 0 1 1 0 0 0 0 0 1 0 0 0 0 1 1 0 0 1 0 1 1 0 0 1 1 1 1 0 0 0 0 0 0 0 0 1 1 1 0 1 1 1 0 1 0 0 1 1 1 0 1 0 1 0 1 1 0 0 1 1 1 0 1 1 0 0 0 0 1 0 1 1 0 0 1 0 0 1 1 1 1 1 0 1 0 0 0 1
0 1 1 0 0 0 1 1 1 0 1 1 0 0 1 1 0 0 1 0 1 0 0 1 1 0 0 1 1 1 1 0 1 0 1 0 0 0 1 0 0 0 1 0 0 1 0 1 0 1 1 0 1 1 1 1 0 1 0 1 0 1 1 1 1 0 0 0 0 1 0 1 1 0 1 0 0 1 0 1 1 1 1 1 0 0 0 1 0 0 0 1 1 1 1 1 1 1 1 1
0 0 1 1 1 0 1 1 0 0 0 1 1 0 1 0 1 1 0 1 1 1 0 1 1 1 1 1 1 0 0 0 1 0 0 0 1 1 1 0 0 0 0 1 0 0 1 0 1 0 0 1 1 0 0 1 1 0 0 0 0 1 1 1 1 0 1 1 0 1 1 1 1 0 0 1 0 1 1 0 1 1 0 0 1 1 1 0 0 1 0 0 0 1 0 0 1 0 0 1
0 0 0 1 0 1 1 0 0 1 0 1 1 1 0 1 0 1 0 0 0 1 1 0 0 1 1 0 1 1 1 1 1 0 1 1 1 0 0 0 1 1 1 1 0 1 0 1 0 0 0 0 0 0 0 1 0 0 1 0 1 0 1 1 0 0 1 0 0 0 0 0 1 1 1 1 0 0 1 1 1 0 1 0 0 0 0 1 0 0 1 0 1 0 1 0 0 0 1 0
1 1 0 0 1 1 0 0 1 1 0 0 0 1 1 1 0 0 0 1 1 1 1 0 1 0 1 0 1 0 1 1 0 1 1 0 0 0 0 0 1 0 0 0 0 1 0 1 0 0 1 1 0 1 0 0 0 1 0 0 0 0 0 0 1 0 0 0 1 0 0 0 1 1 0 1 1 0 1 0 1 1 1 1 1 1 1 1 0 1 1 0 0 0 1 1 1 1 1 1
0 0 1 1 1 0 0 1 1 0 0 1 1 0 0 0 1 1 0 1 1 0 1 0 0 1 1 0 0 1 0 1 0 1 0 1 0 1 0 1 1 0 0 1 0 1 1 1 1 1 0 0 0 0 0 1 0 0 1 0 1 0 0 0 1 1 0 0 0 1 0 1 0 0 0 0 1 1 0 1 0 1 1 1 1 1 0 0 0 1 1 1 0 0 1 1 1 0 1 1
0 0 0 0 0 0 1 1 0 0 1 0 0 0 0 0 0 1 1 0 1 0 0 1 0 0 0 0 0 1 1 0 1 1 0 1 0 1 0 0 0 0 1 0 1 0 1 0 1 1 1 1 1 0 0 1 1 0 0 0 0 1 0 1 0 0 0 1 0 1 0 1 0 1 1 0 0 0 0 0 1 0 0 1 0 1 0 0 1 0 1 1 1 1 1 1 0 1 0 0
0 0 1 1 0 0 1 0 1 0 0 0 0 0 1 0 1 0 0 1 0 0 0 1 1 0 0 1 1 1 0 1 1 1 1 0 1 1 1 0 0 1 0 1 1 0 1 0 1 1 1 0 0 0 0 1 1 1 1 1 1 1 0 1 0 1 0 1 0 1 0 1 0 1 1 1 1 0 0 0 1 1 1 1 1 0 1 1 0 1 1 1 0 1 1 1 0 0 1 0
1 1 0 1 1 1 0 1 0 0 1 0 1 1 0 0 1 1 0 0 0 1 1 1 0 1 1 1 0 0 1 0 0 1 1 0 0 1 1 1 0 0 0 1 0 0 1 1 1 0 1 0 0 1 1 1 0 1 1 0 1 0 0 0 1 1 0 1 1 1 0 1 1 0 0 1 0 1 1 1 1 1 1 1 0 1 0 0 0 1 0 0 0 1 0 0 1 1 1 1
1 1 1 1 1 1 1 1 0 1 1 1 0 0 1 1 1 1 0 0 1 0 0 0 0 0 1 1 1 1 1 0 0 1 0 1 0 1 0 1 0 0 1 1 1 1 0 1 0 1 0 1 0 1 1 1 1 0 1 0 1 0 0 0 1 0 0 0 1 1 1 1 1 0 0 0 1 0 1 1 1 0 1 0 0 1 0 0 1 1 0 0 1 1 0 1 0 0 1 1
1 0 1 1 1 1 0 0 0 1 1 0 1 0 0 0 0 0 1 1 1 1 0 1 0 1 0 1 0 0 0 0 0 0 1 1 0 1 0 1 0 0 1 0 0 1 1 0 1 0 0 0 1 0 0 0 1 1 1 0 0 1 1 1 0 0 1 1 0 1 0 0 1 0 0 1 1 0 1 1 1 1 0 1 0 1 1 0 0 1 0 0 1 0 0 0 1 1 1 1
0 0 0 1 0 1 0 0 1 0 1 1 0 1 1 1 0 1 0 1 1 0 0 1 1 1 1 0 0 1 1 1 0 1 1 0 1 0 0 1 0 0 1 1 1 1 1 0 1 1 1 0 1 0 0 1 1 0 1 0 0 1 1 0 1 0 0 0 1 1 0 0 1 1 1 0 0 1 1 1 1 1 1 1 0 1 1 0 0 1 0 1 0 0 1 1 0 0 1 0
1 0 1 0 1 0 1 1 0 1 0 0 1 1 0 1 0 0 1 0 1 1 1 0 1 0 1 0 0 1 1 0 0 0 1 0 0 1 0 1 0 0 0 1 0 0 0 1 1 0 0 1 0 0 0 0 0 0 0 0 0 0 1 0 0 0 1 0 1 0 1 1 1 1 0 0 0 0 1 1 1 1 0 1 1 0 0 1 1 0 1 1 1 1 0 0 0 0 0 0
0 0 1 0 1 1 0 1 0 1 1 1 1 0 1 0 1 1 1 1 0 1 0 0 1 1 0 1 0 1 0 0 1 0 0 0 1 0 1 0 0 1 0 1 1 1 0 1 1 1 0 1 0 1 1 0 0 1 0 0 0 1 0 0 0 1 1 1 0 1 1 0 0 0 0 0 1 0 1 0 1 0 0 1 0 1 0 0 1 1 1 1 1 0 0 0 0 1 0 1
1 0 0 1 1 0 0 1 0 0 1 1 0 1 1 0 0 1 0 0 0 0 1 0 1 0 1 1 1 0 1 1 0 0 0 0 0 0 0 1 0 0 0 0 0 1 0 1 0 1 0 0 0 1 0 1 1 1 1 0 1 0 0 1 1 1 1 0 1 0 1 0 1 1 1 1 0 1 0 1 1 1 0 1 0 1 1 0 1 1 0 1 0 1 1 0 1 0 0 0
0 1 0 0 0 0 1 1 1 1 0 0 0 1 0 0 0 1 1 1 1 0 0 1 1 1 0 1 1 0 1 0 0 0 1 1 0 1 0 1 0 1 0 0 0 1 0 0 0 1 1 0 0 1 0 1 1 1 0 0 1 0 1 0 1 1 0 1 1 1 0 1 0 1 1 1 1 0 0 0 0 0 0 0 1 1 1 1 1 1 0 1 0 1 1 1 0 0 1 1
1 1 1 0 1 1 1 0 0 1 1 0 0 1 1 0 0 0 0 0 0 0 0 0 0 0 0 0 1 0 1 1 0 1 0 1 0 1 1 1 0 0 0 0 0 0 1 0 1 1 0 1 1 1 0 0 1 0 1 1 0 1 1 1 0 1 1 0 0 1 0 1 0 1 0 1 1 1 1 0 1 0 0 1 0 0 0 1 1 0 0 1 0 1 0 1 1 1 1 0
0 1 1 0 0 1 0 0 0 0 0 1 1 0 1 1 1 0 0 0 0 0 1 0 1 0 1 1 0 0 1 0 0 1 1 0 0 1 0 0 1 0 0 0 0 0 1 1 1 1 1 0 0 0 0 1 1 1 0 1 1 0 1 0 1 1 1 0 0 0 1 0 0 0 1 1 0 1 1 1 0 1 0 1 0 1 1 1 1 0 0 0 1 0 1 1 1 0 1 0
0 0 1 1 0 0 1 1 0 1 1 1 1 1 0 0 1 1 1 0 1 1 1 1 0 0 0 0 1 1 1 0 1 0 1 1 1 0 1 1 1 0 1 0 0 1 0 0 1 1 1 0 0 0 1 0 1 1 0 1 0 1 0 1 0 1 1 1 0 1 1 0 1 1 0 0 0 0 1 0 1 1 1 1 0 1 0 0 0 1 1 0 1 0 0 0 1 1 1 1
1 0 1 1 1 1 1 1 0 0 1 0 1 1 1 0 1 1 1 0 0 0 0 0 0 1 0 1 0 1 0 0 0 1 1 0 0 0 1 1 0 1 1 0 1 1 1 0 1 0 1 0 0 1 1 1 0 0 0 0 1 1 1 0 1 0 1 0 0 0 1 1 1 1 1 0 1 1 0 0 1 1 0 1 0 1 0 1 0 1 0 0 0 1 0 1 0 1 1 0
0 1 1 1 0 1 1 0 1 0 1 1 0 0 0 1 1 1 0 0 0 0 1 1 0 0 0 0 0 1 0 1 0 1 0 1 0 1 0 1 0 0 1 0 0 1 1 0 0 1 1 1 1 1 0 0 1 0 1 1 0 0 1 0 0 1 0 0 1 1 0 1 1 1 1 1 1 1 1 1 0 1 1 1 1 1 1 1 0 1 0 1 1 0 1 0 0 1 0 0
0 1 0 0 1 1 1 1 1 0 1 1 1 1 1 1 1 0 1 0 0 0 0 1 1 1 1 1 0 1 1 1 0 1 1 1 1 1 0 1 0 0 0 0 0 1 0 0 1 1 1 1 1 1 1 0 0 1 0 1 1 1 0 0 0 0 0 0 0 0 1 1 0 1 0 1 1 1 1 0 0 0 0 1 1 0 0 0 0 1 1 0 1 1 0 1 1 0 0 1
1 1 1 1 1 1 1 0 0 1 1 1 1 1 0 0 0 0 1 1 0 1 0 1 1 1 1 0 1 0 0 1 0 0 1 1 1 1 0 1 0 0 1 1 0 0 0 1 1 1 1 0 0 0 0 1 1 1 1 1 0 1 0 0 1 0 0 0 0 0 0 1 0 1 1 1 1 0 1 0 1 0 1 0 0 1 1 1 0 0 0 0 1 0 0 0 0 0 0 0
0 1 0 1 0 1 0 1 0 1 1 1 1 1 0 0 0 1 0 0 1 1 1 1 1 0 1 0 1 1 0 0 1 0 1 1 0 1 1 1 1 1 1 1 1 1 1 0 1 1 1 0 0 1 0 1 1 1 0 0 1 0 1 1 0 0 1 0 1 1 0 0 0 0 1 0 1 1 1 0 0 0 1 0 1 1 0 0 1 0 1 1 0 0 1 0 1 1 1 0
1 1 1 0 1 0 0 1 0 1 1 0 0 0 1 1 1 0 0 1 0 1 0 1 0 1 0 0 0 1 0 0 1 0 0 0 0 0 1 0 0 0 0 0 0 0 0 1 0 1 1 1 0 0 1 1 0 1 0 0 0 0 1 0 1 1 0 1 0 1 1 0 1 0 1 1 0 1 0 1 0 1 0 1 0 0 1 1 0 0 0 0 0 1 1 1 0 1 1 1
1 1 1 1 0 1 0 0 0 0 0 0 1 1 0 0 0 0 0 1 0 0 1 0 0 1 0 0 1 1 0 0 0 1 1 0 0 0 1 1 1 1 1 1 1 0 1 0 1 1 1 0 1 0 1 0 0 1 1 0 1 0 1 1 1 0 1 1 1 0 0 0 0 0 0 0 0 0 1 1 1 0 1 1 1 1 1 0 0 1 1 0 0 1 0 0 0 1 1 1
0 0 1 1 0 0 1 1 0 1 1 1 1 0 1 0 1 1 0 0 1 1 1 0 0 0 1 1 0 0 1 1 1 1 1 1 1 1 0 0 0 0 1 1 0 0 1 1 0 0 1 0 1 1 0 0 0 1 1 1 1 1 1 0 1 0 1 0 0 0 0 0 1 1 0 0 0 1 1 0 0 0 0 0 0 0 1 0 0 0 0 1 1 1 0 0 0 0 1 1
0 0 1 1 1 0 1 0 0 0 0 1 1 1 1 0 0 1 0 0 0 0 0 1 0 0 1 0 1 1 1 1 0 0 0 0 1 1 1 1 1 0 1 0 1 0 0 1 0 0 1 1 0 0 0 0 1 1 1 1 0 0 0 0 1 1 1 1 1 0 0 0 1 0 0 1 0 1 0 0 0 0 1 0 1 1 0 1 1 1 0 0 1 0 1 0 0 0 1 1
1 1 0 0 0 0 1 0 1 0 1 1 1 0 0 0 0 1 0 1 1 1 1 1 0 1 0 0 0 0 0 1 0 1 0 1 0 1 0 0 0 0 0 1 0 1 0 0 0 0 0 1 1 0 1 1 0 0 1 0 1 1 0 0 0 1 0 1 0 1 1 0 1 0 1 0 0 0 0 0 1 1 0 0 1 1 0 0 0 1 1 0 1 1 1 1 0 0 1 0
0 1 1 1 0 1 0 0 0 0 1 1 1 1 1 1 0 1 0 0 0 0 0 0 0 1 1 0 0 0 0 0 1 1 1 0 1 1 1 1 1 0 1 1 0 1 1 0 0 1 0 0 1 1 0 1 0 0 0 0 1 1 1 0 0 1 1 1 0 0 1 1 1 1 0 0 1 1 1 1 0 1 1 1 0 1 1 0 0 1 1 1 1 0 0 1 1 0 1 1
1 0 1 1 0 0 1 1 1 0 0 1 1 1 1 1 0 1 0 0 0 0 1 0 0 0 0 0 1 0 1 0 1 1 1 0 0 1 0 1 1 0 1 0 0 0 1 1 1 0 1 1 0 0 0 1 1 1 1 1 1 0 1 0 1 1 0 1 1 0 0 1 0 0 0 1 0 1 0 0 0 1 0 0 0 0 1 1 1 1 0 0 1 1 0 0 1 0 1 1
1 0 0 0 0 1 1 0 1 0 1 0 0 0 1 0 0 1 0 0 0 0 1 0 1 0 0 1 1 1 0 0 1 1 0 0 1 1 0 1 1 0 1 1 0 0 1 1 1 0 0 0 0 1 0 0 1 1 0 0 0 0 1 1 0 0 1 1 1 0 0 0 1 0 0 1 1 1 0 0 1 1 0 0 0 0 1 0 1 1 1 1 1 0 1 0 1 1 1 0
0 1 1 0 1 1 1 0 0 0 0 0 0 1 0 1 1 1 1 0 1 0 1 1 0 1 1 1 0 0 0 1 1 0 0 1 0 1 0 0 0 1 0 1 0 1 1 1 1 1 1 1 0 0 1 1 1 1 0 1 1 0 1 0 0 1 0 0 1 1 0 0 1 1 0 0 1 0 1 0 0 0 0 0 1 1 1 1 1 1 0 1 1 1 0 0 0 1 1 1
1 0 0 1 0 0 0 0 1 0 0 1 0 0 1 1 0 1 1 1 1 1 0 0 1 0 1 0 1 1 1 1 0 0 0 1 0 0 0 0 1 0 1 1 0 1 1 0 0 0 0 0 0 1 1 1 0 0 1 1 1 1 1 0 1 0 1 1 0 0 1 0 0 0 1 1 0 0 1 0 0 0 0 0 1 0 1 0 0 1 1 0 0 0 1 1 1 1 1 1
1 1 0 1 1 1 1 1 1 0 1 0 1 1 1 1 1 0 1 0 1 0 1 1 1 1 0 1 1 1 1 0 0 1 0 0 0 0 0 0 1 0 0 1 1 1 0 0 1 1 0 0 1 1 0 1 1 0 0 0 0 0 1 0 1 1 0 0 1 0 1 0 0 1 0 1 1 1 0 0 0 1 0 1 1 1 1 0 1 0 0 1 0 1 0 1 1 0 1 0
0 0 1 1 0 0 0 1 1 0 0 0 0 1 1 0 0 0 1 1 1 0 0 0 1 0 0 0 0 0 0 1 1 1 1 1 1 1 0 1 1 1 0 0 0 0 1 0 0 1 1 1 1 1 0 0 0 0 1 0 0 0 1 1 0 0 1 0 1 0 0 0 0 1 0 0 1 0 1 0 1 1 1 1 1 0 0 0 0 0 1 1 1 0 0 0 1 0 0 0
0 1 1 0 0 0 0 0 0 0 0 1 1 1 0 1 1 0 0 0 1 0 1 1 0 1 1 0 0 0 1 0 0 1 0 0 0 1 0 1 1 0 0 1 0 1 0 1 0 0 0 1 1 0 0 1 0 1 1 1 0 1 0 1 1 0 0 0 0 0 0 0 1 1 0 0 0 1 0 0 1 0 1 1 0 0 1 1 1 0 1 1 0 1 0 0 1 0 1 1
1 1 1 1 0 0 1 0 1 0 0 1 0 0 0 0 1 0 1 1 0 0 1 1 1 1 0 0 0 0 1 0 0 1 1 1 1 1 1 0 1 0 1 0 1 0 0 1 0 0 1 1 0 1 0 1 1 1 0 1 0 1 1 1 0 0 0 0 1 1 0 1 0 0 1 0 1 1 0 1 1 1 0 0 1 0 0 1 1 0 1 1 0 0 1 1 1 1 0 1
0 0 0 1 0 1 0 1 0 0 1 0 0 1 1 1 1 0 0 1 1 0 0 0 0 0 1 1 1 1 1 0 1 1 0 1 1 0 1 1 1 1 0 1 1 0 0 0 0 1 0 0 0 1 0 1 1 0 1 1 0 0 0 0 0 0 0 0 0 1 1 1 0 0 1 1 1 0 0 0 1 0 0 1 1 1 0 0 0 0 1 0 0 0 0 0 1 1 0 1
1 1 0 1 1 1 1 0 1 1 1 0 1 1 0 1 1 1 0 1 1 1 1 0 1 1 0 1 1 1 1 0 0 0 1 1 1 1 0 1 1 0 1 1 0 0 1 0 0 0 1 0 0 0 0 0 1 1 1 0 1 0 1 0 1 0 0 0 1 0 1 0 1 0 0 1 1 0 0 0 0 0 1 1 0 1 1 1 0 0 1 1 0 0 0 0 1 1 0 1
1 1 0 0 1 0 0 0 0 0 1 0 0 0 1 0 0 1 0 1 0 0 0 0 0 1 0 1 0 1 1 0 0 1 1 0 1 1 0 1 0 1 1 0 1 0 0 0 0 0 1 1 1 0 1 0 0 0 0 1 0 0 0 1 1 1 0 0 1 1 1 1 0 1 0 1 0 0 1 0 0 1 1 1 0 0 1 0 0 0 0 1 0 0 1 0 1 0 1 0
0 1 1 0 0 0 0 0 0 1 1 0 1 1 1 1 0 0 0 1 1 0 1 1 0 0 1 1 1 1 0 0 0 0 1 1 0 0 0 1 0 1 0 0 0 0 0 0 0 1 1 0 0 1 0 1 0 1 1 0 1 1 0 1 1 0 1 1 1 1 1 1 0 0 1 1 0 1 0 1 0 1 0 0 1 0 1 1 0 0 1 1 1 0 1 0 1 0 1 0
0 1 1 1 1 0 1 0 1 1 1 1 1 1 0 0 0 0 0 1 0 1 1 0 1 0 1 0 1 0 1 0 0 1 1 0 0 1 0 0 1 1 0 0 0 1 1 0 0 0 0 0 1 0 1 1 0 0 1 0 0 0 0 0 0 0 0 0 0 1 0 1 1 0 1 1 1 0 1 0 0 1 0 1 1 0 1 0 0 0 0 1 0 1 1 1 0 1 1 0
1 0 0 0 1 1 1 1 1 1 1 0 1 0 1 0 0 1 0 0 0 1 0 1 1 1 1 0 0 1 1 0 0 0 1 1 0 0 0 1 1 1 1 1 0 0 1 0 1 1 1 0 0 1 1 0 1 1 0 1 0 1 1 1 1 0 1 0 0 1 1 0 0 1 1 0 1 0 0 1 1 0 1 1 1 1 0 1 1 0 1 0 1 0 0 1 1 0 0 0
1 1 0 1 0 0 1 0 1 1 1 1 0 0 0 0 1 1 0 1 1 1 1 1 0 1 0 1 1 0 0 1 1 0 1 1 0 1 0 1 0 1 1 1 0 1 0 1 0 0 1 1 0 0 0 1 0 1 0 0 1 0 1 0 0 0 0 1 0 1 0 1 1 0 0 0 1 0 0 1 0 0 1 1 1 1 0 1 1 1 1 1 0 1 1 0 0 0 0 1
0 0 0 0 0 0 1 1 1 1 1 0 1 0 1 1 1 0 0 0 0 1 0 0 0 0 0 1 0 0 1 0 0 0 0 0 1 0 1 1 0 1 1 0 0 1 0 0 1 1 1 1 0 0 1 1 0 1 0 0 0 0 0 1 0 0 0 0 1 1 0 1 0 1 1 0 1 0 1 0 1 1 1 1 0 1 1 1 0 1 0 1 0 1 0 1 1 1 1 1
0 1 0 0 0 1 0 1 0 1 1 1 1 0 1 1 0 0 1 0 0 1 1 0 0 0 0 1 1 1 1 0 0 1 0 1 1 1 0 1 1 1 1 0 0 1 0 1 1 1 0 1 1 1 0 1 1 1 1 0 0 1 1 0 1 0 0 1 0 1 0 1 0 0 1 0 1 0 0 1 0 1 0 0 1 1 0 1 1 1 1 0 1 1 1 0 1 1 1 0
0 0 1 1 0 1 0 0 1 1 1 0 1 1 1 0 1 0 0 0 0 1 1 1 0 1 1 0 1 1 0 1 1 1 0 0 0 1 1 1 0 0 0 0 1 0 1 0 1 1 0 0 1 0 1 1 0 0 0 0 0 0 1 0 0 0 1 0 1 0 0 0 0 1 1 1 0 1 1 0 0 1 1 0 0 1 0 1 1 0 0 0 1 1 0 0 1 0 0 1
1 1 0 0 1 1 1 0 1 1 0 0 0 1 1 1 0 1 1 1 0 1 1 0 0 1 1 1 1 1 0 1 0 1 0 0 0 0 1 1 0 0 1 0 1 1 0 0 0 1 1 1 1 0 1 0 0 1 1 1 0 1 0 1 1 1 1 0 0 1 0 1 0 0 1 0 0 1 1 1 1 1 1 0 0 0 0 1 1 0 0 0 1 1 0 0 0 1 1 0
0 0 1 0 1 0 0 0 1 0 1 0 1 1 0 0 1 0 1 1 0 0 1 0 1 1 1 1 1 1 0 1 0 1 0 0 0 1 0 1 1 1 1 1 1 1 0 1 1 1 0 0 1 0 0 0 1 0 1 1 1 1 1 1 1 1 1 0 1 1 0 1 1 1 1 1 1 1 1 0 0 1 1 1 0 1 0 0 1 1 0 0 0 0 0 0 0 1 0 0
0 0 0 1 1 0 0 0 1 0 1 1 0 0 0 0 1 1 0 1 1 0 0 0 1 0 1 1 1 0 1 0 0 1 1 0 1 0 0 0 1 1 0 0 1 0 0 0 0 0 1 1 1 1 1 1 0 0 1 1 0 1 0 0 0 0 0 0 1 1 1 1 1 0 1 0 1 1 0 1 0 0 0 1 0 1 1 1 0 0 1 0 1 0 0 1 1 0 1 0
1 0 0 1 1 1 0 0 1 0 1 1 0 1 0 1 0 1 0 1 1 0 1 0 1 1 0 0 0 1 0 0 0 1 0 1 0 0 0 0 1 0 1 0 1 0 0 1 0 0 1 0 0 1 1 1 1 0 0 0 1 1 1 0 1 1 0 0 0 0 0 1 0 1 0 0 0 0 1 1 1 1 1 1 1 1 0 0 1 0 1 1 1 0 1 0 0 1 1 1
1 0 0 1 1 1 1 0 0 0 1 0 1 0 0 1 1 0 0 1 0 0 0 1 1 0 0 0 0 1 1 1 0 0 1 0 1 0 1 0 1 1 0 1 0 0 0 1 0 0 0 0 0 0 1 0 1 1 0 0 0 0 1 1 0 0 1 0 1 0 0 0 1 0 1 1 1 1 1 1 0 0 0 0 0 0 0 1 0 0 1 1 1 1 1 1 1 0 0 1
0 0 1 0 1 1 0 1 1 1 1 0 1 1 0 0 0 0 1 1 1 0 1 1 1 1 0 1 0 1 0 0 0 1 1 1 0 0 1 0 1 1 1 0 0 0 1 0 1 1 1 0 0 1 0 0 1 0 0 0 0 1 0 1 1 0 0 0 1 1 1 1 1 1 0 1 0 1 1 0 0 0 1 1 1 0 1 0 1 0 1 1 1 1 0 1 0 1 0 0
1 1 1 1 1 0 0 1 0 1 1 1 0 1 0 0 1 1 0 1 1 0 0 0 0 1 0 1 1 1 0 1 1 1 1 1 0 0 0 1 1 1 0 0 0 1 0 0 0 0 0 0 0 0 0 0 1 1 0 1 1 1 1 0 1 0 0 1 1 1 1 0 1 0 1 0 1 0 1 1 0 0 1 0 0 0 0 1 0 1 1 1 0 0 0 1 1 1 1 1
0 0 0 1 0 1 0 1 1 0 1 0 1 0 1 1 0 0 1 1 1 1 1 1 1 1 0 0 0 1 0 0 0 0 1 0 0 1 0 1 1 1 1 0 0 1 1 0 1 0 1 0 1 0 1 1 1 0 0 0 1 1 1 0 0 0 1 0 0 1 0 0 0 1 0 1 1 1 1 0 0 1 1 1 1 0 1 1 0 1 0 1 0 0 1 1 1 0 0 1
Source: 0 1
Destination: 97 99
Up: 1
Down: 1
Left: 1
Right: 1
Diagonal: 1