50 50
0 1 0 1 1 0 0 0 0 0 1 0 1 1 1 0 1 0 1 0 0 0 1 1 1 1 0 1 0 1 0 1 0 0 1 1 0 1 0 0 0 1 1 1 0 0 1 1 1 1
0 0 0 1 0 0 0 0 0 1 0 0 0 1 1 1 1 1 0 1 1 1 1 0 0 0 0 0 1 1 0 1 1 1 1 1 0 0 0 0 1 0 1 0 1 0 0 0 1 0
1 0 0 0 1 1 1 1 0 0 1 0 0 0 1 1 0 0 0 1 0 1 1 1 1 1 0 0 0 1 0 0 0 0 1 0 0 1 1 1 1 1 1 0 1 1 0 1 0 0
1 0 0 1 1 1 1 1 0 0 0 0 1 1 0 0 0 0 1 1 1 1 0 0 1 0 0 1 1 0 0 0 1 1 0 1 1 1 1 1 1 0 0 0 1 1 1 0 0 1
0 0 1 1 0 0 1 0 0 0 1 1 1 1 1 1 0 1 0 1 1 1 1 1 0 1 1 0 0 0 1 1 0 1 1 1 1 0 1 0 1 0 0 1 0 1 1 1 1 0
1 1 1 0 1 0 1 1 1 1 1 0 1 1 0 0 1 0 1 0 1 1 0 0 1 0 1 1 1 0 0 0 0 0 1 0 0 0 0 0 1 1 0 1 0 1 0 1 1 0
1 0 0 0 0 1 1 0 0 1 0 1 1 0 1 0 1 1 0 1 1 1 0 1 1 0 0 1 1 1 1 0 1 1 1 0 0 1 1 1 1 1 1 1 0 0 0 0 1 1
0 0 1 1 0 1 1 0 1 1 1 1 0 1 0 1 0 0 1 1 1 1 1 1 0 1 0 1 1 1 1 1 0 1 1 0 1 0 1 0 1 0 1 0 0 0 1 0 0 0
0 0 0 0 1 0 0 1 1 0 0 0 1 0 0 1 1 1 1 1 1 1 1 0 0 1 0 0 1 1 1 0 1 0 0 1 0 0 0 0 0 1 1 1 0 0 0 1 0 1
1 1 0 0 1 1 0 1 1 1 0 1 0 0 0 1 1 1 1 1 0 0 0 1 1 0 1 0 0 1 0 0 1 0 0 0 0 0 1 1 0 0 0 1 0 0 0 0 0 0
1 0 0 0 1 1 1 0 1 0 0 1 0 0 1 1 1 1 0 1 0 0 0 1 0 0 1 1 0 0 1 1 1 0 0 1 0 0 1 1 1 1 0 1 0 0 1 1 0 0
1 1 1 0 1 0 0 0 0 1 1 0 0 0 0 1 1 0 1 1 1 0 1 0 1 0 1 0 1 0 1 1 1 1 0 1 1 1 0 1 1 1 0 0 0 0 1 0 1 0
1 0 0 1 0 0 0 1 0 1 1 0 1 1 0 1 1 0 0 1 1 0 0 0 0 0 0 0 1 1 1 1 1 1 1 0 1 0 1 1 1 1 1 0 1 0 0 1 0 1
1 1 1 0 1 0 0 1 1 0 1 0 0 0 0 1 0 1 0 1 1 0 0 0 0 0 1 1 1 0 0 0 0 0 0 1 0 0 1 0 1 1 0 1 1 0 1 1 1 0
0 1 1 0 1 1 1 1 1 0 0 0 0 0 1 0 1 0 0 1 0 1 1 1 1 1 0 1 0 1 1 0 1 1 0 0 1 0 0 0 0 1 0 1 1 1 1 1 1 1
1 0 0 0 0 1 1 0 1 0 1 0 1 1 0 1 1 0 0 1 1 0 0 1 1 1 1 1 0 0 1 1 0 0 0 0 1 0 0 0 0 1 1 1 0 0 0 1 0 0
1 0 0 0 1 0 0 0 1 1 0 0 0 0 1 1 1 1 1 1 1 1 0 1 1 1 1 0 1 0 0 0 0 1 0 0 1 1 0 0 1 1 0 0 1 1 0 0 0 0
1 1 0 0 0 0 1 0 0 1 0 1 1 1 1 1 0 1 1 1 0 1 1 1 1 1 0 0 1 0 0 1 1 1 1 0 1 0 0 1 1 0 1 1 0 1 0 1 1 1
0 1 1 0 1 0 1 1 0 1 0 0 1 0 0 0 0 0 1 0 0 0 0 1 1 1 1 1 0 0 1 1 0 0 0 1 1 0 1 0 1 0 1 1 0 0 0 1 1 0
1 1 1 0 0 1 1 1 1 1 0 0 1 1 0 0 0 0 0 0 0 1 1 0 0 1 0 0 0 1 0 1 0 1 0 0 1 1 1 1 0 0 1 0 1 1 1 0 1 0
1 1 1 1 1 0 1 1 1 0 0 0 1 0 1 0 0 1 1 1 1 0 1 0 0 1 1 0 0 1 1 0 1 1 0 1 0 1 1 0 0 1 1 1 1 1 0 1 1 1
0 1 1 1 0 0 0 1 0 0 1 1 0 1 1 1 0 0 0 1 1 0 1 0 0 1 1 1 0 0 1 1 0 0 0 0 1 1 0 0 1 1 1 1 0 0 1 1 0 1
0 0 0 1 1 0 0 1 1 0 1 0 0 1 0 0 1 1 0 0 0 0 1 0 1 0 0 0 1 1 0 0 1 0 1 0 0 1 1 1 1 1 1 1 0 1 0 1 1 0
1 1 0 1 0 1 1 1 0 0 0 1 0 0 0 1 1 0 1 1 0 1 1 0 1 1 0 1 0 1 0 1 0 0 0 1 1 0 1 1 1 0 1 1 1 0 0 0 0 0
0 0 0 1 0 0 1 0 0 1 1 1 0 1 0 0 1 0 0 0 0 0 1 0 0 1 0 1 0 1 1 1 0 1 1 1 1 1 0 1 0 1 1 0 1 0 1 1 1 1
0 1 1 1 0 0 0 0 1 0 1 0 1 1 1 1 1 0 1 0 1 1 0 1 1 1 1 0 1 0 1 1 0 1 0 0 1 1 0 1 1 0 0 1 0 1 0 0 1 1
1 1 1 0 1 1 1 0 0 1 0 0 0 1 1 0 1 0 0 1 1 1 0 0 0 1 0 0 1 0 0 1 0 1 1 1 0 1 0 1 0 1 0 0 1 1 0 1 1 1
1 0 1 1 0 0 0 1 1 1 1 1 0 1 1 1 1 1 0 0 1 0 0 0 0 0 0 1 1 1 0 1 0 1 1 1 0 1 0 0 0 1 0 1 0 1 0 1 0 0
1 1 0 0 1 1 1 0 1 1 0 1 0 0 0 0 1 1 1 1 1 1 0 1 0 0 1 0 1 1 0 0 0 0 0 0 0 0 0 1 0 0 0 0 0 1 0 1 1 1
1 0 1 1 1 1 1 0 1 1 0 1 0 0 1 0 1 1 1 0 0 1 1 0 0 1 1 1 1 1 0 1 1 0 1 1 0 1 1 1 0 0 1 1 1 0 0 1 0 1
1 0 0 0 1 1 1 1 1 0 1 0 1 1 0 0 0 1 1 1 0 1 1 0 1 1 0 1 0 0 0 0 0 0 0 0 1 0 0 1 1 0 0 0 0 0 0 0 1 1
1 1 1 0 0 0 1 1 0 0 0 0 1 1 0 0 1 0 1 0 1 0 1 1 0 0 0 1 0 1 0 1 1 1 0 1 0 0 0 0 1 0 1 0 0 0 1 1 0 1
0 1 1 1 1 1 0 0 1 1 0 0 1 1 0 1 1 1 0 1 1 0 1 0 0 1 0 0 0 0 0 0 1 0 0 1 0 1 1 1 1 1 1 0 0 1 1 1 1 1
0 1 0 0 0 1 0 1 1 0 1 0 0 0 1 0 0 0 1 0 0 0 1 1 1 1 0 1 1 1 0 0 1 0 0 1 1 1 0 0 1 0 0 0 0 0 0 0 1 1
1 0 1 1 1 0 0 1 0 0 1 0 1 1 1 0 1 0 0 1 0 1 1 0 1 0 0 0 0 0 1 1 1 0 1 1 1 1 0 1 0 1 1 0 1 0 1 0 1 1
1 0 1 0 1 0 1 1 1 0 0 1 0 1 1 0 1 0 1 0 1 0 0 1 0 0 1 1 1 1 0 1 1 1 0 0 1 0 1 1 0 0 1 1 0 0 0 0 1 0
0 1 0 0 1 0 0 1 0 0 0 1 1 0 1 1 0 1 0 0 0 1 1 1 0 0 1 1 0 0 1 0 0 1 0 1 1 0 0 0 1 1 1 0 0 1 1 1 1 0
1 1 1 0 0 1 1 1 0 0 1 1 1 1 1 1 0 0 1 0 1 1 0 1 0 1 0 0 0 1 1 1 1 1 0 1 1 1 0 0 1 1 1 0 0 1 0 1 1 0
0 0 0 1 1 1 1 0 0 0 0 1 1 0 1 0 1 0 1 1 1 0 0 1 0 0 0 1 0 1 1 1 0 1 0 1 0 1 1 1 0 1 1 0 1 0 1 1 0 1
0 1 0 0 0 1 0 0 0 1 0 1 0 0 1 1 0 1 1 0 0 0 1 1 0 1 1 0 1 1 1 1 1 0 0 0 0 1 1 0 1 0 0 0 0 1 1 0 0 0
1 1 1 0 1 1 0 1 0 0 0 1 0 0 0 1 1 0 0 1 1 0 1 1 1 1 1 0 1 1 0 0 0 0 0 1 1 0 0 1 1 0 1 1 1 0 0 1 1 1
0 0 0 1 1 1 0 1 1 0 1 1 1 1 0 0 0 0 1 0 0 1 0 0 0 0 0 0 0 0 1 0 1 1 1 1 0 0 0 0 1 1 0 0 0 1 0 0 0 1
0 0 1 0 0 0 0 0 1 0 0 0 1 0 1 1 1 0 0 1 1 1 0 0 0 0 0 1 1 0 1 0 0 0 1 0 1 1 1 0 1 0 0 1 0 0 0 0 1 0
1 1 1 0 0 1 0 1 1 0 0 1 1 0 1 0 0 1 1 0 0 1 0 0 0 0 0 1 0 0 1 0 0 1 1 0 1 1 1 1 0 1 0 0 1 1 1 0 1 0
1 0 0 0 0 1 0 1 1 0 1 1 0 0 0 1 0 0 1 1 1 1 1 1 1 0 0 0 0 0 0 1 0 1 0 1 1 0 0 1 0 0 0 1 1 1 0 0 0 1
1 1 0 0 0 0 1 1 0 1 0 1 0 0 0 0 1 0 0 1 0 1 0 0 1 0 0 0 0 0 0 0 0 1 1 0 1 1 0 0 0 1 1 0 1 1 1 1 1 1
1 0 0 1 0 0 0 0 1 1 0 1 1 0 1 1 1 1 1 1 0 0 0 1 0 1 0 1 0 1 0 1 1 0 0 0 0 0 1 1 1 1 0 0 0 1 0 1 1 0
1 1 0 1 1 1 1 1 0 0 0 0 1 1 1 0 0 0 1 1 0 0 1 0 0 0 1 1 1 1 0 1 0 1 1 1 0 0 1 1 0 1 0 0 0 0 0 1 0 0
1 0 1 0 0 0 0 0 0 1 1 0 1 1 0 0 1 1 0 1 0 1 1 1 0 0 0 0 1 1 0 0 1 1 0 1 0 0 1 1 1 0 1 0 1 1 1 0 1 0
0 0 0 1 0 1 0 1 1 1 1 1 0 0 0 1 1 1 0 1 0 1 0 0 1 1 1 0 1 0 1 0 0 1 1 1 1 1 0 0 1 0 0 0 1 1 1 1 1 1
Source: 0 0
Destination: 48 49
Up: 1
Down: 1
Left: 1
Right: 1
Diagonal: 1